---Breakpoint Sort with Synteny Blocks---
Runtime: 0.4 seconds
Initial Genomes:
P: [+1 +2 +3 +4 +5 +6 +7 +8 +9 +10 +11 +12 +13 +14 +15 +16 +17 +18 +19 +20 +21 +22 +23 +24 +25 +26 +27 +28 +29 +30 +31 +32]
Q: [+1 +2 +3 +4 +5 +6 +7 +8 +9 +10 -22 -21 -20 -19 -18 -17 -16 -15 -14 -32 -13 -12 -11 +23 +24 +25 +26 +27 +28 +29 -31 -30]
Step 1: [+1 +2 +3 +4 +5 +6 +7 +8 +9 +10 -22 -21 -20 -19 -18 -17 -16 -15 -14 -32 -13 -12 -11 +23 +24 +25 +26 +27 +28 +29 -31 -30]
Step 2: [+1 +2 +3 +4 +5 +6 +7 +8 +9 +10 +11 +12 +13 +32 +14 +15 +16 +17 +18 +19 +20 +21 +22 +23 +24 +25 +26 +27 +28 +29 -31 -30]
Step 3: [+1 +2 +3 +4 +5 +6 +7 +8 +9 +10 +11 +12 +13 -29 -28 -27 -26 -25 -24 -23 -22 -21 -20 -19 -18 -17 -16 -15 -14 -32 -31 -30]
Step 4: [+1 +2 +3 +4 +5 +6 +7 +8 +9 +10 +11 +12 +13 +14 +15 +16 +17 +18 +19 +20 +21 +22 +23 +24 +25 +26 +27 +28 +29 -32 -31 -30]
Step 5: [+1 +2 +3 +4 +5 +6 +7 +8 +9 +10 +11 +12 +13 +14 +15 +16 +17 +18 +19 +20 +21 +22 +23 +24 +25 +26 +27 +28 +29 +30 +31 +32]
Reversal Distance: 4

Total Runtime: 2.7 seconds
