Theoretical Spectrum:
0.0 101.1 114.1 115.1 128.1 129.1 131.2 137.1 137.1 163.2 186.2 229.2 238.2 242.2 251.2 266.2 268.3 278.3 294.4 301.3 315.3 343.3 366.3 367.3 379.3 382.4 409.5 430.4 431.5 452.4 464.5 480.4 480.4 495.4 510.5 545.6 546.6 553.5 567.5 593.6 595.7 609.5 611.6 617.5 660.7 668.6 673.7 681.6 724.8 730.7 732.8 746.6 748.7 774.8 788.8 795.7 796.7 831.8 846.9 861.9 861.9 877.8 889.9 910.8 911.9 932.8 959.9 963.0 975.0 976.0 999.0 1027.0 1041.0 1047.9 1064.0 1074.0 1076.1 1091.1 1100.1 1104.1 1113.1 1156.1 1179.1 1205.2 1205.2 1211.1 1213.2 1214.2 1227.2 1228.2 1241.2 1342.3

Error-Simulated Spectrum (P=0.1000):
101.1 114.1 115.1 128.1 129.1 131.2 137.1 137.1 163.2 186.2 229.2 238.2 242.2 251.2 266.2 268.3 278.3 294.4 301.3 343.3 366.3 367.3 382.4 409.5 430.4 431.5 452.4 464.5 480.4 480.4 495.4 510.5 545.6 546.6 553.5 567.5 609.5 611.6 617.5 660.7 668.6 673.7 681.6 724.8 730.7 732.8 746.6 748.7 774.8 788.8 795.7 846.9 861.9 877.8 889.9 910.8 911.9 932.8 959.9 963.0 975.0 976.0 999.0 1027.0 1041.0 1047.9 1064.0 1074.0 1076.1 1091.1 1100.1 1104.1 1113.1 1156.1 1179.1 1205.2 1211.1 1213.2 1214.2 1227.2 1228.2 1241.2 1342.3

--- Branch and Bound Cyclopeptide Sequencing ---
Runtime: 4.3 seconds
Peptide: TKNHMYDWEH

--- Leaderboard Cyclopeptide Sequencing with Convolution ---
Score: 42
Runtime: 2.0 seconds
Peptide: HIDNHEDANYO

Total Runtime: 6.3 seconds
